2018-04-06 9051 0 9051
2018-04-06 171 28 9194
2018-04-06 0 0 9194
2018-04-06 0 0 9194
2018-04-06 15 3 9206
2018-04-06 582 20 9768
2018-04-07 19 17 9770
2018-04-08 181 35 9916
2018-04-08 0 0 9916
2018-04-08 434 7 10343
2018-04-08 195 12 10526
2018-04-09 899 416 11009
2018-04-09 2 0 11011
2018-04-11 117 9 11119
2018-04-11 0 3 11116
2018-04-11 881 610 11387
2018-04-12 564 25 11926
2018-04-12 7 8 11925
2018-04-12 5 4 11926
2018-04-12 321 56 12191
2018-04-12 4 8 12187
2018-04-12 8 0 12195
2018-04-12 0 0 12195
2018-04-12 0 0 12195
2018-04-12 0 0 12195
2018-04-12 5 0 12200
2018-04-12 0 0 12200
2018-04-12 0 0 12200
2018-04-13 1 0 12201
2018-04-13 780 561 12420
2018-04-13 0 0 12420
2018-04-13 0 0 12420
2018-04-13 0 0 12420
2018-04-14 0 0 12420
2018-04-14 0 0 12420
2018-04-14 0 0 12420
2018-04-14 0 0 12420
2018-04-14 253 13 12660
2018-04-14 607 432 12835
2018-04-14 42 20 12857
2018-04-14 0 0 12857
2018-04-14 0 0 12857
2018-04-15 522 64 13315
2018-04-16 284 11 13588
2018-04-16 1068 711 13945
2018-04-17 234 209 13970
2018-04-17 25 20 13975
2018-04-17 1 1 13975
2018-04-17 9 0 13984
2018-04-18 185 7 14162
2018-04-18 5 2 14165
2018-04-18 115 5 14275
2018-04-18 3 2 14276
2018-04-19 17 0 14293
2018-04-19 101 18 14376
2018-04-19 197 76 14497
2018-04-19 221 4 14714
2018-04-20 15 0 14729
2018-04-21 8 0 14737
2018-04-21 0 0 14737
2018-04-21 65 0 14802
2018-04-21 6 7 14801
2018-04-21 20 2 14819
2018-04-21 10 1 14828
2018-04-22 157 2 14983
2018-04-23 1 1 14983
2018-04-23 1 0 14984
2018-04-24 321 10 15295
2018-04-24 270 168 15397
2018-04-24 1 1 15397
2018-04-24 1 1 15397
2018-04-24 23 7 15413
2018-04-24 0 0 15413
2018-04-24 1 1 15413
2018-04-25 6 0 15419
2018-04-25 584 11 15992
2018-04-25 6 10 15988
2018-04-25 13 18 15983
2018-04-25 258 3 16238
2018-04-25 0 0 16238
2018-04-25 213 0 16451
2018-04-25 0 0 16451
2018-04-25 0 0 16451
2018-04-25 0 0 16451
2018-04-25 0 0 16451
2018-04-25 329 7 16773
2018-04-25 36 1 16808
2018-04-26 0 0 16808
2018-04-27 67 49 16826
2018-04-27 0 0 16826
2018-04-27 7629 7623 16832
2018-04-27 1 1 16832
2018-04-27 123 2 16953
2018-04-28 44 8 16989
2018-04-28 319 10 17298
2018-04-28 151 21 17428
2018-04-28 37 9 17456
2018-04-29 178 29 17605
2018-04-29 117 20 17702
2018-04-29 11 9 17704
2018-04-29 18 9 17713
2018-04-29 0 0 17713
2018-04-29 56 0 17769
2018-04-29 140 21 17888
2018-04-30 5 1 17892
2018-05-02 162 0 18054
2018-05-06 196 0 18250
2018-05-06 504 20 18734
2018-05-07 95 40 18789
2018-05-07 155 6 18938
2018-05-07 159 4 19093
2018-05-07 6 2 19097
2018-05-09 0 0 19097
2018-05-09 246 12 19331
2018-05-09 1 1 19331
2018-05-09 4 0 19335
2018-05-09 40 0 19375
2018-05-09 49 3 19421
2018-05-09 159 0 19580
2018-05-09 12 12 19580
2018-05-10 12 12 19580
2018-05-10 1 1 19580
2018-05-10 8 8 19580
2018-05-10 11 11 19580
2018-05-10 8 8 19580
2018-05-10 10 10 19580
2018-05-10 6 6 19580
2018-05-10 6 5 19581
2018-05-10 15 15 19581
2018-05-10 14 14 19581
2018-05-10 5 6 19580
2018-05-10 0 0 19580
2018-05-10 0 0 19580
2018-05-10 0 0 19580
2018-05-10 0 0 19580
2018-05-10 15 16 19579
2018-05-10 6 6 19579
2018-05-10 8 0 19587
2018-05-10 11 0 19598
2018-05-10 0 12 19586
2018-05-10 3 3 19586
2018-05-10 0 0 19586
2018-05-10 4 4 19586
2018-05-10 4 4 19586
2018-05-10 4 4 19586
2018-05-10 8 8 19586
2018-05-10 2 2 19586
2018-05-10 1 1 19586
2018-05-12 0 0 19586
2018-05-12 0 0 19586
2018-05-12 0 0 19586
2018-05-12 0 0 19586
2018-05-12 55 0 19641
2018-05-12 2 2 19641
2018-05-12 0 0 19641
2018-05-12 157 45 19753
2018-05-12 163 14 19902
2018-05-12 0 0 19902
2018-05-12 0 0 19902
2018-05-13 215 20 20097
2018-05-13 189 3 20283
2018-05-13 204 5 20482
2018-05-13 10 0 20492
2018-05-13 52 0 20544
2018-05-14 4599 4510 20633
2018-05-14 33 5 20661
2018-05-14 63 2 20722
2018-05-14 35 5 20752
2018-05-14 5 5 20752
2018-05-14 8 2 20758
2018-05-15 23 0 20781
2018-05-15 0 0 20781
2018-05-16 0 0 20781
2018-05-16 43 0 20824
2018-05-16 77 5 20896
2018-05-16 31 44 20883
2018-05-16 54 35 20902
2018-05-16 33 53 20882
2018-05-16 41 5 20918
2018-05-16 72 14 20976
2018-05-16 0 0 20976
2018-05-16 1 1 20976
2018-05-16 17 1 20992
2018-05-16 141 4 21129
2018-05-17 38 0 21167
2018-05-17 0 0 21167
2018-05-17 33 3 21197
2018-05-17 0 0 21197
2018-05-17 0 0 21197
2018-05-17 0 0 21197
2018-05-17 0 0 21197
2018-05-17 0 0 21197
2018-05-17 0 0 21197
2018-05-17 0 0 21197
2018-05-17 0 0 21197
2018-05-17 0 0 21197
2018-05-17 0 0 21197
2018-05-17 2 0 21199
2018-05-17 0 0 21199
2018-05-17 0 13 21186
2018-05-17 0 257 20929
2018-05-17 438 0 21367
2018-05-17 488 158 21697
2018-05-17 9 8 21698
2018-05-17 192 0 21890
2018-05-17 87 56 21921
2018-05-18 173 167 21927
2018-05-18 17 7 21937
2018-05-18 3 0 21940
2018-05-18 494 113 22321
2018-05-18 464 6 22779
2018-05-19 14 2 22791
2018-05-19 149 499 22441
2018-05-19 511 0 22952
2018-05-19 6 7 22951
2018-05-19 278 24 23205
2018-05-19 38 25 23218
2018-05-19 42 33 23227
2018-05-19 28 19 23236
2018-05-19 147 137 23246
2018-05-20 15 2 23259
2018-05-20 37 33 23263
2018-05-20 6 1 23268
2018-05-20 55 54 23269
2018-05-20 360 14 23615
2018-05-20 1 2 23614
2018-05-20 236 4 23846
2018-05-20 479 82 24243
2018-05-20 1 0 24244
2018-05-20 118 93 24269
2018-05-20 116 54 24331
2018-05-21 280 0 24611
2018-05-21 7 48 24570
2018-05-21 182 24 24728
2018-05-22 374 145 24957
2018-05-22 16 35 24938
2018-05-22 3 1 24940
2018-05-23 10 11 24939
2018-05-24 774 79 25634
2018-05-26 34 0 25668
2018-05-27 474 151 25991
2018-05-27 41 34 25998
2018-05-27 88 74 26012
2018-05-27 265 31 26246
2018-05-27 20 33 26233
2018-05-27 14 8 26239
2018-05-27 11 0 26250
2018-05-27 1083 0 27333
2018-05-27 0 0 27333
2018-05-28 4 1 27336
2018-05-28 86 473 26949
2018-05-28 3 3 26949
2018-05-28 226 85 27090
2018-05-28 426 417 27099
2018-05-28 7 4 27102
2018-05-28 0 431 26671
2018-05-28 7 0 26678
2018-05-28 111 56 26733
2018-05-28 145 7 26871
2018-05-28 18 31 26858
2018-05-28 0 0 26858
2018-05-29 105 194 26769
2018-05-29 0 0 26769
2018-05-29 35 30 26774
2018-05-29 0 0 26774
2018-05-29 0 0 26774
2018-05-29 12 2 26784
2018-05-29 285 178 26891
2018-05-29 31 25 26897
2018-05-29 125 4 27018
2018-05-30 1 0 27019
2018-05-30 999 71 27947
2018-05-30 21 10 27958
2018-05-30 18 0 27976
2018-05-30 0 0 27976
2018-05-30 1 2 27975
2018-05-30 518 34 28459
2018-05-30 58 1 28516
2018-05-31 89 36 28569
2018-05-31 39 8 28600
2018-05-31 67 18 28649
2018-05-31 282 6 28925
2018-06-01 186 90 29021
2018-06-01 1 1 29021
2018-06-01 27 6 29042
2018-06-01 17 3 29056
2018-06-01 4 4 29056
2018-06-01 7 6 29057
2018-06-01 0 0 29057
2018-06-01 879 297 29639
2018-06-03 0 0 29639
2018-06-03 1 1 29639
2018-06-03 2 2 29639
2018-06-04 13 1 29651
2018-06-05 22 1 29672
2018-06-05 0 0 29672
2018-06-06 7 1 29678
2018-06-06 80 0 29758
2018-06-06 846 1320 29284
2018-06-06 805 1564 28525
2018-06-06 7 1 28531
2018-06-06 53 58 28526
2018-06-06 7 15 28518
2018-06-06 52 100 28470
2018-06-06 2 1 28471
2018-06-06 26 30 28467
2018-06-06 0 0 28467
2018-06-06 0 0 28467
2018-06-06 0 0 28467
2018-06-06 0 0 28467
2018-06-06 0 0 28467
2018-06-06 31 25 28473
2018-06-07 0 0 28473
2018-06-07 237 110 28600
2018-06-07 0 0 28600
2018-06-07 0 0 28600
2018-06-08 130 121 28609
2018-06-08 0 0 28609
2018-06-08 0 0 28609
2018-06-08 0 0 28609
2018-06-08 13 3 28619
2018-06-08 0 0 28619
2018-06-09 51 20 28650
2018-06-10 34 6 28678
2018-06-11 11 4 28685
2018-06-11 0 0 28685
2018-06-11 0 0 28685
2018-06-11 0 0 28685
2018-06-11 0 0 28685
2018-06-11 0 0 28685
2018-06-11 0 0 28685
2018-06-11 0 0 28685
2018-06-11 461 9 29137
2018-06-11 12 16 29133
2018-06-11 27 16 29144
2018-06-12 263 53 29354
2018-06-12 2 2 29354
2018-06-12 228 39 29543
2018-06-12 512 228 29827
2018-06-13 18 0 29845
2018-06-13 361 73 30133
2018-06-13 0 0 30133
2018-06-13 0 0 30133
2018-06-13 0 0 30133
2018-06-13 80 9 30204
2018-06-13 0 0 30204
2018-06-14 34 11 30227
2018-06-15 220 18 30429
2018-06-15 0 0 30429
2018-06-15 0 0 30429
2018-06-15 0 0 30429
2018-06-15 119 27 30521
2018-06-15 0 0 30521
2018-06-15 715 602 30634
2018-06-16 0 0 30634
2018-06-16 0 0 30634
2018-06-16 57 14 30677
2018-06-16 0 0 30677
2018-06-16 815 13 31479
2018-06-16 146 0 31625
2018-06-16 50 13 31662
2018-06-16 0 0 31662
2018-06-17 467 0 32129
2018-06-17 291 19 32401
2018-06-17 0 0 32401
2018-06-17 0 0 32401
2018-06-18 272 61 32612
2018-06-18 0 0 32612
2018-06-18 3 6 32609
2018-06-18 425 38 32996
2018-06-18 301 0 33297
2018-06-19 262 1 33558
2018-06-20 424 247 33735
2018-06-20 267 24 33978
2018-06-20 0 0 33978
2018-06-20 0 0 33978
2018-06-20 0 0 33978
2018-06-20 0 0 33978
2018-06-20 0 0 33978
2018-06-20 1 2 33977
2018-06-20 0 0 33977
2018-06-20 0 0 33977
2018-06-20 0 0 33977
2018-06-20 91 76 33992
2018-06-20 0 0 33992
2018-06-20 0 0 33992
2018-06-20 0 0 33992
2018-06-20 101 19 34074
2018-06-20 0 0 34074
2018-06-20 0 0 34074
2018-06-20 0 0 34074
2018-06-20 20 22 34072
2018-06-20 0 0 34072
2018-06-20 0 0 34072
2018-06-20 101 1 34172
2018-06-20 0 0 34172
2018-06-20 23 11 34184
2018-06-20 312 13 34483
2018-06-20 0 0 34483
2018-06-20 0 0 34483
2018-06-22 234 0 34717
2018-06-22 0 0 34717
2018-06-22 0 0 34717
2018-06-22 0 0 34717
2018-06-22 299 27 34989
2018-06-22 0 0 34989
2018-06-23 261 39 35211
2018-06-23 11 3 35219
2018-06-23 26 3 35242
2018-06-23 187 3 35426
2018-06-23 212 3 35635
2018-06-26 52 7 35680
2018-06-26 0 0 35680
2018-06-26 0 0 35680
2018-06-27 235 49 35866
2018-06-28 8 0 35874
2018-06-28 0 0 35874
2018-06-28 0 0 35874
2018-06-28 76 0 35950
2018-06-28 0 0 35950
2018-06-28 0 2 35948
2018-06-28 13 8 35953
2018-06-29 158 18 36093
2018-06-29 62 6 36149
2018-06-29 23 10 36162
2018-06-29 36 13 36185
2018-06-30 171 30 36326
2018-06-30 228 40 36514
2018-06-30 2 2 36514
2018-07-01 204 70 36648
2018-07-01 107 75 36680
2018-07-01 5 3 36682
2018-07-01 18 19 36681
2018-07-01 29 6 36704
2018-07-02 103 21 36786
2018-07-02 74 29 36831
2018-07-02 60 3 36888
2018-07-02 64 33 36919
2018-07-03 231 449 36701
2018-07-03 198 66 36833
2018-07-03 12 4 36841
2018-07-03 544 0 37385
2018-07-04 203 375 37213
2018-07-04 0 0 37213
2018-07-04 0 0 37213
2018-07-04 387 2 37598
2018-07-04 0 0 37598
2018-07-04 210 220 37588
2018-07-04 1 1 37588
2018-07-04 215 42 37761
2018-07-04 149 35 37875
2018-07-05 298 19 38154
2018-07-05 2 1 38155
2018-07-05 92 3 38244
2018-07-06 18 94 38168
2018-07-06 0 0 38168
2018-07-06 0 0 38168
2018-07-06 36 14 38190
2018-07-06 8 8 38190
2018-07-06 43 32 38201
2018-07-06 2 1 38202
2018-07-07 7 1 38208
2018-07-07 32 46 38194
2018-07-07 177 10 38361
2018-07-07 6 89 38278
2018-07-07 7 42 38243
2018-07-07 19 77 38185
2018-07-07 69 56 38198
2018-07-07 34 8 38224
2018-07-08 742 43 38923
2018-07-08 58 42 38939
2018-07-08 4 6 38937
2018-07-08 3 1 38939
2018-07-09 289 1 39227
2018-07-09 262 96 39393
2018-07-09 67 0 39460
2018-07-09 6 0 39466
2018-07-10 79 3 39542
2018-07-10 385 57 39870
2018-07-10 276 3 40143
2018-07-11 610 62 40691
2018-07-11 11 1 40701
2018-07-11 224 0 40925
2018-07-11 262 22 41165
2018-07-11 17 11 41171
2018-07-11 282 21 41432
2018-07-11 385 62 41755
2018-07-12 561 7 42309
2018-07-12 0 0 42309
2018-07-12 2 2 42309
2018-07-12 0 298 42011
2018-07-12 298 0 42309
2018-07-12 186 1 42494
2018-07-12 19 14 42499
2018-07-12 387 3 42883
2018-07-12 439 4 43318
2018-07-13 4 3 43319
2018-07-13 9 36 43292
2018-07-13 291 1 43582
2018-07-13 209 6 43785
2018-07-13 131 0 43916
2018-07-13 235 1 44150
2018-07-13 113 1 44262
2018-07-13 238 0 44500
2018-07-13 172 8 44664
2018-07-13 450 14 45100
2018-07-14 90 32 45158
2018-07-14 235 13 45380
2018-07-14 51 23 45408
2018-07-14 13 11 45410
2018-07-14 2 2 45410
2018-07-14 42 16 45436
2018-07-14 0 0 45436
2018-07-14 2 2 45436
2018-07-14 367 10 45793
2018-07-14 8 0 45801
2018-07-15 434 9 46226
2018-07-15 27 3 46250
2018-07-15 143 847 45546
2018-07-15 1 3 45544
2018-07-15 26 2 45568
2018-07-15 56 75 45549
2018-07-15 153 1368 44334
2018-07-15 615 335 44614
2018-07-16 270 121 44763
2018-07-16 11 5 44769
2018-07-16 0 0 44769
2018-07-16 259 118 44910
2018-07-16 769 505 45174
2018-07-16 1488 1231 45431
2018-07-16 322 152 45601
2018-07-19 34 3 45632
2018-07-20 2 4 45630
2018-07-20 21 5 45646
2018-07-20 21 2 45665
2018-07-20 1 1 45665
2018-07-21 940 2 46603
2018-07-22 10 0 46613
2018-07-22 179 2 46790
2018-07-23 1350 979 47161
2018-07-23 26 6 47181
2018-07-24 4946 1238 50889
2018-07-25 114 0 51003
2018-07-26 424 45 51382
2018-07-26 527 65 51844
2018-07-26 117 49 51912
2018-07-26 5 7 51910
2018-07-27 206 2 52114
2018-07-27 421 3 52532
2018-07-27 24 0 52556
2018-07-28 51 2 52605
2018-07-28 24 12 52617
2018-07-28 5986 5562 53041
2018-07-28 16 1 53056
2018-07-29 0 0 53056
2018-07-29 1 1 53056
2018-07-29 1 1 53056
2018-07-30 1 0 53057
2018-07-30 495 2 53550
2018-07-30 163 1 53712
2018-07-30 255 61 53906
2018-07-31 1300 8 55198
2018-07-31 397 3 55592
2018-07-31 188 24 55756
2018-08-01 415 26 56145
2018-08-01 365 135 56375
2018-08-01 246 5 56616
2018-08-01 322 79 56859
2018-08-02 5 18 56846
2018-08-02 0 0 56846
2018-08-02 1 1 56846
2018-08-02 282 3 57125
2018-08-02 392 184 57333
2018-08-02 361 12 57682
2018-08-04 638 31 58289
2018-08-04 60 39 58310
2018-08-04 562 579 58293
2018-08-04 191 1 58483
2018-08-04 834 80 59237
2018-08-05 29 0 59266
2018-08-05 0 1 59265
2018-08-05 277 5 59537
2018-08-06 3 3 59537
2018-08-06 781 5 60313
2018-08-06 1 2 60312
2018-08-06 379 2 60689
2018-08-06 38 91 60636
2018-08-07 44 143 60537
2018-08-07 64 1 60600
2018-08-07 1019 8 61611
2018-08-07 2 2 61611
2018-08-08 413 85 61939
2018-08-08 0 1 61938
2018-08-08 128 5 62061
2018-08-08 5 3 62063
2018-08-08 7 3 62067
2018-08-08 1 0 62068
2018-08-08 0 1 62067
2018-08-08 2 2 62067
2018-08-08 908 164 62811
2018-08-09 12 0 62823
2018-08-09 632 4 63451
2018-08-10 7 14 63444
2018-08-10 847 1 64290
2018-08-10 8 2 64296
2018-08-10 23668 0 87964
2018-08-10 144 1 88107
2018-08-10 409 94 88422
2018-08-10 19 19 88422
2018-08-13 4102 7 92517
2018-08-13 9365 0 101882
2018-08-14 0 0 101882
2018-08-14 9939 1104 110717
2018-08-14 526 203 111040
2018-08-14 602 477 111165
2018-08-14 4 4 111165
2018-08-15 346 253 111258
2018-08-15 63 44 111277
2018-08-15 1 1 111277
2018-08-15 1 2 111276
2018-08-15 74 70 111280
2018-08-15 17 1 111296
2018-08-15 0 0 111296
2018-08-15 128 705 110719
2018-08-17 8300 7255 111764
2018-08-17 69 12 111821
2018-08-17 53 31 111843
2018-08-17 1 1 111843
2018-08-17 3 0 111846
2018-08-17 19 17 111848
2018-08-17 18 11 111855
2018-08-18 8 1 111862
2018-08-18 26 18 111870
2018-08-18 9 8 111871
2018-08-18 39 37 111873
2018-08-21 19958 20143 111688
2018-08-21 779 389 112078
2018-08-21 2 2 112078
2018-08-23 62 13 112127
2018-08-23 23 0 112150
2018-08-23 1 1 112150
2018-08-23 1 1 112150
2018-08-23 0 0 112150
2018-08-23 56 8 112198
2018-08-23 14 1 112211
2018-08-25 524 425 112310
2018-08-25 1 1 112310
2018-08-25 998 1067 112241
2018-08-25 718 695 112264
2018-08-25 336 367 112233
2018-08-26 615 522 112326
2018-08-27 502 404 112424
2018-08-28 882 492 112814
2018-08-29 297 164 112947
2018-08-29 13 4 112956
2018-08-29 4 1 112959
2018-08-29 1 1 112959
2018-08-29 0 7 112952
2018-08-30 6 8 112950
2018-08-30 266 5117 108099
2018-08-30 74 6 108167
2018-08-30 112 6 108273
2018-08-30 5 5 108273
2018-08-31 63 39 108297
2018-08-31 69 837 107529
2018-08-31 4 4 107529
2018-08-31 16 6 107539
2018-08-31 6 0 107545
2018-08-31 6045 494 113096
2018-08-31 276 167 113205
2018-09-01 0 0 113205
2018-09-01 0 0 113205
2018-09-01 0 0 113205
2018-09-01 0 0 113205
2018-09-01 0 0 113205
2018-09-01 0 0 113205
2018-09-01 28 10 113223
2018-09-01 0 0 113223
2018-09-02 1997 1785 113435
2018-09-02 235 207 113463
2018-09-02 641 575 113529
2018-09-04 14 13 113530
2018-09-04 14 16 113528
2018-09-04 0 0 113528
2018-09-04 2 10 113520
2018-09-04 0 0 113520
2018-09-04 73 73 113520
2018-09-04 248 32 113736
2018-09-04 9 0 113745
2018-09-04 46 1 113790
2018-09-04 26 24 113792
2018-09-04 7 25 113774
2018-09-04 0 5 113769
2018-09-04 1 1 113769
2018-09-04 1492 0 115261
2018-09-05 122 25 115358
2018-09-05 1 10 115349
2018-09-05 161 145 115365
2018-09-05 52 48 115369
2018-09-05 2 2 115369
2018-09-05 81 67 115383
2018-09-05 29 0 115412
2018-09-05 0 0 115412
2018-09-05 0 0 115412
2018-09-05 0 0 115412
2018-09-05 2 0 115414
2018-09-05 2 0 115416
2018-09-06 0 0 115416
2018-09-06 0 0 115416
2018-09-06 1550 127 116839
2018-09-06 37 55 116821
2018-09-06 143 1022 115942
2018-09-06 44 45 115941
2018-09-06 727 9 116659
2018-09-07 221 0 116880
2018-09-07 0 0 116880
2018-09-07 0 0 116880
2018-09-07 0 0 116880
2018-09-07 0 0 116880
2018-09-07 0 0 116880
2018-09-07 0 0 116880
2018-09-07 0 0 116880
2018-09-07 0 0 116880
2018-09-07 2 0 116882
2018-09-07 0 0 116882
2018-09-07 0 0 116882
2018-09-07 117 34 116965
2018-09-07 34 117 116882
2018-09-07 0 0 116882
2018-09-07 0 2 116880
2018-09-08 197 82 116995
2018-09-08 58 160 116893
2018-09-08 28 14 116907
2018-09-08 159 0 117066
2018-09-08 13 9 117070
2018-09-08 462 22 117510
2018-09-08 1 1 117510
2018-09-09 1967 2856 116621
2018-09-09 92 122 116591
2018-09-09 7 7 116591
2018-09-09 1534 380 117745
2018-09-09 1 4 117742
2018-09-10 163 1 117904
2018-09-10 8 1 117911
2018-09-10 1 1 117911
2018-09-10 6 4 117913
2018-09-10 1162 86 118989
2018-09-10 18 16 118991
2018-09-10 1 3 118989
2018-09-10 639 341 119287
2018-09-10 932 3 120216
2018-09-11 628 417 120427
2018-09-11 0 0 120427
2018-09-11 516 152 120791
2018-09-11 9 2 120798
2018-09-11 0 0 120798
2018-09-11 0 0 120798
2018-09-11 571 113 121256
2018-09-11 305 165 121396
2018-09-11 24 6 121414
2018-09-11 2 16 121400
2018-09-11 185 81 121504
2018-09-12 0 0 121504
2018-09-12 1426 1393 121537
2018-09-12 1 2 121536
2018-09-12 179 160 121555
2018-09-12 172 167 121560
2018-09-12 16 58 121518
2018-09-12 72 446 121144
2018-09-13 1381 597 121928
2018-09-13 6786 6732 121982
2018-09-13 633 32 122583
2018-09-13 320 3 122900
2018-09-13 3996 3 126893
2018-09-14 2 2 126893
2018-09-14 228 303 126818
2018-09-14 370 0 127188
2018-09-14 3688 3659 127217
2018-09-14 6435 0 133652
2018-09-14 1 0 133653
2018-09-14 76 37 133692
2018-09-14 73 2 133763
2018-09-15 854 292 134325
2018-09-16 515 8 134832
2018-09-16 251 51 135032
2018-09-16 2 0 135034
2018-09-16 446 606 134874
2018-09-16 160 23 135011
2018-09-16 627 123 135515
2018-09-17 283 20 135778
2018-09-17 1174 333 136619
2018-09-17 145 228 136536
2018-09-17 75 3700 132911
2018-09-17 5 3 132913
2018-09-17 4 0 132917
2018-09-17 783 5 133695
2018-09-17 215 4 133906
2018-09-17 376 0 134282
2018-09-17 535 108 134709
2018-09-18 983 203 135489
2018-09-18 551 1 136039
2018-09-18 9 3 136045
2018-09-18 1 1 136045
2018-09-18 204 196 136053
2018-09-18 25 5 136073
2018-09-18 31 16 136088
2018-09-18 2 0 136090
2018-09-18 365 136 136319
2018-09-18 188 183 136324
2018-09-18 1565 1380 136509
2018-09-19 161 118 136552
2018-09-19 226 228 136550
2018-09-19 43 24 136569
2018-09-19 19 34 136554
2018-09-19 585 0 137139
2018-09-19 6 6 137139
2018-09-19 290 0 137429
2018-09-20 324 22 137731
2018-09-20 559 31 138259
2018-09-20 424 27 138656
2018-09-21 10 15 138651
2018-09-21 13 34 138630
2018-09-21 1 5 138626
2018-09-21 4 1 138629
2018-09-21 0 0 138629
2018-09-21 0 0 138629
2018-09-21 0 0 138629
2018-09-21 5596 0 144225
2018-09-21 50 9 144266
2018-09-21 0 0 144266
2018-09-21 1 1 144266
2018-09-21 1131 624 144773
2018-09-21 5 6 144772
2018-09-22 95 29 144838
2018-09-22 263 108 144993
2018-09-22 528 245 145276
2018-09-22 0 0 145276
2018-09-23 150 1 145425
2018-09-23 4 0 145429
2018-09-23 171 2 145598
2018-09-23 17 3 145612
2018-09-23 382 36 145958
2018-09-23 635 95 146498
2018-09-23 240 4 146734
2018-09-23 550 710 146574
2018-09-23 82 29 146627
2018-09-23 38 9 146656
2018-09-23 7 0 146663
2018-09-23 10 4 146669
2018-09-23 11 4 146676
2018-09-24 5 1 146680
2018-09-24 316 377 146619
2018-09-24 54 25 146648
2018-09-24 12 6 146654
2018-09-24 9 16 146647
2018-09-24 4 0 146651
2018-09-24 1 6 146646
2018-09-25 0 0 146646
2018-09-25 534 652 146528
2018-09-26 27 61 146494
2018-09-26 187 127 146554
2018-09-26 9 8 146555
2018-09-26 181 109 146627
2018-09-26 0 11 146616
2018-09-26 34 39 146611
2018-09-26 224 196 146639
2018-09-26 1 1 146639
2018-09-26 201 192 146648
2018-09-26 0 0 146648
2018-09-26 89 55 146682
2018-09-26 40 23 146699
2018-09-26 196 134 146761
2018-09-27 0 0 146761
2018-09-27 157 182 146736
2018-09-27 0 15345 131391
2018-09-27 33 33 131391
2018-09-27 124 232 131283
2018-09-27 0 0 131283
2018-09-27 54 90 131247
2018-09-27 0 0 131247
2018-09-27 57 98 131206
2018-09-27 0 6791 124415
2018-09-27 0 0 124415
2018-09-27 128 2 124541
2018-09-27 1 0 124542
2018-09-27 67 13 124596
2018-09-27 0 0 124596
2018-09-27 3 3 124596
2018-09-27 61 16 124641
2018-09-27 20 5 124656
2018-09-27 137 6 124787
2018-09-27 524 268 125043
2018-09-27 46 78 125011
2018-09-28 0 130 124881
2018-09-28 29 0 124910
2018-09-28 56 8 124958
2018-09-28 12 1 124969
2018-09-28 17 0 124986
2018-09-28 10 1 124995
2018-09-28 2 2 124995
2018-09-28 12 0 125007
2018-09-28 13 8 125012
2018-09-28 10 0 125022
2018-09-28 1 0 125023
2018-09-28 1 2 125022
2018-09-28 23 6 125039
2018-09-28 137 113 125063
2018-09-28 54 73 125044
2018-09-28 338 541 124841
2018-09-28 24 47 124818
2018-09-28 4 4 124818
2018-09-28 21 43 124796
2018-09-28 48 98 124746
2018-09-28 6 12 124740
2018-09-28 4 8 124736
2018-09-28 2 2 124736
2018-09-29 0 17 124719
2018-09-29 1 1 124719
2018-09-29 2 2 124719
2018-09-29 2 1 124720
2018-09-29 131 119 124732
2018-09-29 1 1 124732
2018-09-29 21 35 124718
2018-09-29 1 4 124715
2018-09-29 0 3 124712
2018-09-29 2 2 124712
2018-09-29 18 56 124674
2018-09-29 52 47 124679
2018-09-29 8 3 124684
2018-09-29 25 0 124709
2018-09-29 4 0 124713
2018-09-29 15 0 124728
2018-09-29 2 2 124728
2018-09-29 0 2 124726
2018-09-29 2 5 124723
2018-09-29 28 27 124724
2018-09-29 1 1 124724
2018-09-29 187 236 124675
2018-09-29 10 21 124664
2018-09-29 59 51 124672
2018-09-29 1 1 124672
2018-09-29 100 66 124706
2018-09-29 32 55 124683
2018-09-29 163 137 124709
2018-09-29 252 229 124732
2018-09-29 4 6 124730
2018-09-30 4 13 124721
2018-09-30 0 0 124721
2018-09-30 2 2 124721
2018-09-30 124 68 124777
2018-09-30 0 0 124777
2018-09-30 6 7 124776
2018-09-30 10 1 124785
2018-09-30 33 53 124765
2018-09-30 471 2 125234
2018-09-30 2 1 125235
2018-09-30 1 0 125236
2018-09-30 517 20 125733
2018-09-30 0 1 125732
2018-09-30 133 0 125865
2018-09-30 74 106 125833
2018-09-30 269 10 126092
2018-09-30 9 1 126100
2018-09-30 630 153 126577
2018-09-30 5 7 126575
2018-09-30 3 3 126575
2018-10-01 11 2 126584
2018-10-01 54 74 126564
2018-10-01 1529 186 127907
2018-10-01 0 0 127907
2018-10-01 32 4 127935
2018-10-01 322 12 128245
2018-10-01 1 1 128245
2018-10-01 236 539 127942
2018-10-01 56 12 127986
2018-10-02 4 0 127990
2018-10-02 23 7 128006
2018-10-02 0 0 128006
2018-10-02 0 0 128006
2018-10-02 0 0 128006
2018-10-02 61 11 128056
2018-10-02 0 0 128056
2018-10-02 0 0 128056
2018-10-02 149 33 128172
2018-10-02 538 0 128710
2018-10-03 130 201 128639
2018-10-03 4 149 128494
2018-10-03 0 0 128494
2018-10-03 0 3 128491
2018-10-03 43 40 128494
2018-10-03 0 0 128494
2018-10-03 2 3 128493
2018-10-03 36 24 128505
2018-10-03 7 1 128511
2018-10-03 1 1 128511
2018-10-03 30 29 128512
2018-10-03 0 0 128512
2018-10-03 0 0 128512
2018-10-03 0 0 128512
2018-10-03 12 0 128524
2018-10-03 46 124 128446
2018-10-03 47 0 128493
2018-10-03 7 23 128477
2018-10-03 1 1 128477
2018-10-03 27 33 128471
2018-10-03 227 25 128673
2018-10-03 68 80 128661
2018-10-03 8 3 128666
2018-10-03 34 637 128063
2018-10-03 1 4 128060
2018-10-03 121 121 128060
2018-10-03 1 1 128060
2018-10-05 0 0 128060
2018-10-05 0 0 128060
2018-10-08 0 0 128060
2018-10-16 0 0 128060
2018-11-10 15 12 128063
2018-11-10 104 58 128109
2018-11-10 39 21 128127
2018-11-10 27 20 128134
2018-11-10 14 12 128136
2018-11-10 1 0 128137
2018-11-11 26 36 128127
2018-11-11 1 0 128128
2018-11-11 3 0 128131
2018-11-11 16 10 128137
2018-11-11 5 2 128140
2018-11-11 0 275 127865
2018-11-11 0 0 127865
2018-11-11 0 0 127865
2018-11-11 1 0 127866
2018-11-11 22 0 127888
